0 0.5446327683615819 0.4429378531073446 0.5661016949152542 0.41468926553672314 0.5898305084745763 0.39322033898305087 0.6112994350282486 0.3898305084745763 
0 0.7468926553672316 0.3615819209039548 0.7694915254237287 0.31412429378531076 0.7807909604519775 0.3502824858757062 0.7762711864406779 0.36949152542372876
1 0.519774011299435 0.03615819209039548 0.006779661016949152 0.9062146892655367 0.003389830508474576 0.9966101694915256 0.11412429378531072 0.9988700564971752 0.656497175141243 0.03502824858757062
MMM

1 0.43088563550420167 0.2544642857142857  0.4290019132653061 0.22321428571428573  0.42410714285714285 0.21635841836734696  0.4174107142857143 0.21483811327561325  0.39732142857142855 0.21553819444444447  0.38392857142857145 0.22327993697478993  0.36004104262672815 0.25223214285714285  0.3794642857142857 0.27716993559718966  0.39285714285714285 0.2844408195970696  0.4174107142857143 0.2717763704318937  0.43088563550420167 0.2544642857142857 1 0.5006214488636364 0.18080357142857142  0.5004023048172758 0.17410714285714285  0.48660714285714285 0.150390625  0.47544642857142855 0.1432464700996678  0.46205357142857145 0.14080255681818182  0.4417027064732143 0.16517857142857142  0.4365258020581114 0.17857142857142858  0.4359343998015873 0.203125  0.44289434523809523 0.20982142857142858  0.46875 0.20927433473389354  0.4876321064139942 0.19642857142857142  0.5006214488636364 0.18080357142857142 1 0.6817140507518796 0.8950892857142857  0.6824983465608465 0.8883928571428571  0.6712007068452381 0.8683035714285714  0.6696428571428571 0.8599330357142857  0.6724658613445378 0.859375  0.6636455062794349 0.8415178571428571  0.6191132703081232 0.8169642857142857  0.6026785714285714 0.7977430555555556  0.5446428571428571 0.7847098214285715  0.5290178571428571 0.7989884118541033  0.517084478021978 0.8169642857142857  0.5138860049833888 0.8258928571428571  0.5165844298245614 0.90625  0.5245535714285714 0.9215602106227107  0.5334821428571429 0.9279490041208792  0.5513392857142857 0.9331495991253644  0.625 0.928639959273183  0.671875 0.9070353835978836  0.6817140507518796 0.8950892857142857 1 0.6406562917222963 0.18303571428571427  0.6407959298584299 0.17410714285714285  0.6328378652597403 0.15625  0.609375 0.14916914682539684  0.5825892857142857 0.16118512834821427  0.5668542505030182 0.18080357142857142  0.5691964285714286 0.1896875  0.5848214285714286 0.21029050207039338  0.6071428571428571 0.22577669460641397  0.6209697420634921 0.21875  0.6406562917222963 0.18303571428571427 1 0.7126843944099379 0.10714285714285714  0.6942872715946844 0.078125  0.6785714285714286 0.07123955933179724  0.6540178571428571 0.0918765943877551  0.6507039835164835 0.10044642857142858  0.65185546875 0.12946428571428573  0.65625 0.13377232142857143  0.6763392857142857 0.13747479838709678  0.6958220108695652 0.12723214285714285  0.7126843944099379 0.10714285714285714 1 0.7098347151360545 0.32589285714285715  0.7034350198412699 0.3080357142857143  0.6852678571428571 0.2943709935897436  0.6651785714285714 0.2984476461038961  0.6519937953995157 0.31919642857142855  0.6629464285714286 0.3392609126984127  0.6830357142857143 0.3556468465045593  0.700992506377551 0.34151785714285715  0.7098347151360545 0.32589285714285715 
1 0.43088563550420167 0.2544642857142857  0.4290019132653061 0.22321428571428573  0.42410714285714285 0.21635841836734696  0.4174107142857143 0.21483811327561325  0.39732142857142855 0.21553819444444447  0.38392857142857145 0.22327993697478993  0.36004104262672815 0.25223214285714285  0.3794642857142857 0.27716993559718966  0.39285714285714285 0.2844408195970696  0.4174107142857143 0.2717763704318937  0.43088563550420167 0.2544642857142857 
1 0.5006214488636364 0.18080357142857142  0.5004023048172758 0.17410714285714285  0.48660714285714285 0.150390625  0.47544642857142855 0.1432464700996678  0.46205357142857145 0.14080255681818182  0.4417027064732143 0.16517857142857142  0.4365258020581114 0.17857142857142858  0.4359343998015873 0.203125  0.44289434523809523 0.20982142857142858  0.46875 0.20927433473389354  0.4876321064139942 0.19642857142857142  0.5006214488636364 0.18080357142857142 
1 0.6817140507518796 0.8950892857142857  0.6824983465608465 0.8883928571428571  0.6712007068452381 0.8683035714285714  0.6696428571428571 0.8599330357142857  0.6724658613445378 0.859375  0.6636455062794349 0.8415178571428571  0.6191132703081232 0.8169642857142857  0.6026785714285714 0.7977430555555556  0.5446428571428571 0.7847098214285715  0.5290178571428571 0.7989884118541033  0.517084478021978 0.8169642857142857  0.5138860049833888 0.8258928571428571  0.5165844298245614 0.90625  0.5245535714285714 0.9215602106227107  0.5334821428571429 0.9279490041208792  0.5513392857142857 0.9331495991253644  0.625 0.928639959273183  0.671875 0.9070353835978836  0.6817140507518796 0.8950892857142857 
1 0.6406562917222963 0.18303571428571427  0.6407959298584299 0.17410714285714285  0.6328378652597403 0.15625  0.609375 0.14916914682539684  0.5825892857142857 0.16118512834821427  0.5668542505030182 0.18080357142857142  0.5691964285714286 0.1896875  0.5848214285714286 0.21029050207039338  0.6071428571428571 0.22577669460641397  0.6209697420634921 0.21875  0.6406562917222963 0.18303571428571427 
1 0.7126843944099379 0.10714285714285714  0.6942872715946844 0.078125  0.6785714285714286 0.07123955933179724  0.6540178571428571 0.0918765943877551  0.6507039835164835 0.10044642857142858  0.65185546875 0.12946428571428573  0.65625 0.13377232142857143  0.6763392857142857 0.13747479838709678  0.6958220108695652 0.12723214285714285  0.7126843944099379 0.10714285714285714 
1 0.7098347151360545 0.32589285714285715  0.7034350198412699 0.3080357142857143  0.6852678571428571 0.2943709935897436  0.6651785714285714 0.2984476461038961  0.6519937953995157 0.31919642857142855  0.6629464285714286 0.3392609126984127  0.6830357142857143 0.3556468465045593  0.700992506377551 0.34151785714285715  0.7098347151360545 0.32589285714285715 